296612629
867335130
4748455394
1029872707
833992697157390336
464883319
18839785
1346439824
347035710
2183816041
1447949844
137780376
60937837
471741741
2541363451
219617448
441636351
141208596
1251083774
1153045459
3171712086
2547533580
2526794479
24705126
59983585
20427494
332188446
143409075
57948579
405427035
30417501
85221650
478432912
138822469
355989081
42606652
240649814
134758540
256495314
17710740
37034483
39240673
39743812
18071358
19897138
36327407
97442036
56304605
19929890
362506755
951833706
1669854782
122453931
453507741
136932734
452830010
56650317
131763362
615002267
1041453240
865005462
181836968
549630210
9959702
146832501
127483019
450504440
80330381
339040963
1052586019
624896628
125944392
213539531
577459091
592337872
2570829264
849477276
140469448
755353145849499648
739053070932287488
116754962
244448479
438156528
327868872
23405846
20751449
34245009
2873056598
388724149
253639584
3241214268
1492538024
145125358
936695288
23766957
28800934
25628754
331136088
263090427
1320600308
385926583
50943008
288623057
149623551
2954801713
49375859
165085226
3097503906
4723068481
2958698701
1624707968
2713703797
4053162792
371730289
140047339
2965511647
3489768920
2253148681
2296634287
2463006282
3371139261
786958314
711694309
28082599
61458407
2160653996
1583043284
1597860398
3299307066
3042900133
4306715188
220625887
382812503
1490368598
1921946424
1394485897
2597666894
3123339037
727809858108456960
3419800217
2506662439
2687516120
2919390704
141496671
765535468104585217
755271973278711808
2617066206
2166444230
946041348
2609425938
3514100534
3314976162
2334727694
2395668313
2338104343
4743651972
17850606
2599676406
295833852
97217966
2222673457
348988523
841609973687762944
130104041
207809313
131188226
1241724116
385909720
627355202
378056166
482203628
478469228
337065278
1617123242
1110805057
98659965
844205621083865088
725550930280640512
838355234581798912
1153045459
775379648
53075131
2299677025
263090427
295833852
1288175774
2431635092
78096261
737998929355116546
1324334436
3437532637
1072993274
2613904818
739104061065039872
78259714
336611577
2584552812
